300
68
97
278
80
158
164
99
6
245
36
157
221
283
18
255
16
75
317
162
286
29
136
282
92
302
10
70
183
275
308
72
86
246
50
247
314
64
51
61
279
11
205
292
120
224
262
301
310
43
45
32
244
249
41
102
299
84
143
93
315
49
83
110
46
137
4
40
129
287
31
204
261
257
309
42
58
281
307
28
79
133
185
251
30
33
130
285
298
269
127
69
193
268
95
26
118
5
13
91
219
38
106
272
284
289
15
207
208
190
23
73
258
35
225
296
109
128
291
295
123
48
141
154
181
288
311
37
182
187
47
240
266
297
14
306
71
98
319
194
44
256
17
78
265
294
63
267
89
216
62
19
253
52
82
236
277
22
56
66
81
112
303
304
250
9
254
65
316
96
273
124
305
210
270
290
191
132
103
134
189
248
74
214
293
12
271
34
276
27
60
113
7
260
25
77
264
280
312
206
233
252
57
144
243
24
242
140
259
148
138
227
8
55
241
100
263
313
145
20
139
178
53
318
111
211
21
104
274
118389.88640603203
